1478464148,s1-eth2,0.00,0.00,0.00,0,0,0.00,0.00,0.00,0,0,0.00,0.00,0,0
1478464148,s2-eth1,0.00,0.00,0.00,0,0,0.00,0.00,0.00,0,0,0.00,0.00,0,0
1478464148,lo,0.00,0.00,0.00,0,0,0.00,0.00,0.00,0,0,0.00,0.00,0,0
1478464148,s1,0.00,0.00,0.00,0,0,0.00,0.00,0.00,0,0,0.00,0.00,0,0
1478464148,wlan0,0.00,0.00,0.00,0,0,0.00,0.00,0.00,0,0,0.00,0.00,0,0
1478464148,s1-eth1,0.00,0.00,0.00,0,0,0.00,0.00,0.00,0,0,0.00,0.00,0,0
1478464148,s2-eth2,0.00,0.00,0.00,0,0,0.00,0.00,0.00,0,0,0.00,0.00,0,0
1478464148,eth1,0.00,0.00,0.00,0,0,0.00,0.00,0.00,0,0,0.00,0.00,0,0
1478464148,s2,0.00,0.00,0.00,0,0,0.00,0.00,0.00,0,0,0.00,0.00,0,0
1478464148,eth0,0.00,0.00,0.00,0,0,0.00,0.00,0.00,0,0,0.00,0.00,0,0
1478464148,total,0.00,0.00,0.00,0,0,0.00,0.00,0.00,0,0,0.00,0.00,0,0
1478464148,s1-eth2,0.00,0.00,0.00,0,0,0.00,0.00,0.00,0,0,0.00,0.00,0,0
1478464148,s2-eth1,0.00,0.00,0.00,0,0,0.00,0.00,0.00,0,0,0.00,0.00,0,0
1478464148,lo,0.00,0.00,0.00,0,0,0.00,0.00,0.00,0,0,0.00,0.00,0,0
1478464148,s1,0.00,0.00,0.00,0,0,0.00,0.00,0.00,0,0,0.00,0.00,0,0
1478464148,wlan0,42660.00,19090.00,61750.00,1909,4266,70.00,80.00,150.00,8,7,0.00,0.00,0,0
1478464148,s1-eth1,0.00,0.00,0.00,0,0,0.00,0.00,0.00,0,0,0.00,0.00,0,0
1478464148,s2-eth2,0.00,0.00,0.00,0,0,0.00,0.00,0.00,0,0,0.00,0.00,0,0
1478464148,eth1,19770.00,44860.00,64630.00,4486,1977,80.00,120.00,200.00,12,8,0.00,0.00,0,0
1478464148,s2,0.00,0.00,0.00,0,0,0.00,0.00,0.00,0,0,0.00,0.00,0,0
1478464148,eth0,0.00,0.00,0.00,0,0,0.00,0.00,0.00,0,0,0.00,0.00,0,0
1478464148,total,62430.00,63950.00,126380.00,6395,6243,150.00,200.00,350.00,20,15,0.00,0.00,0,0
1478464149,s1-eth2,851.49,851.49,1702.97,86,86,9.90,9.90,19.80,1,1,0.00,0.00,0,0
1478464149,s2-eth1,0.00,0.00,0.00,0,0,0.00,0.00,0.00,0,0,0.00,0.00,0,0
1478464149,lo,6217.82,6217.82,12435.64,628,628,49.50,49.50,99.01,5,5,0.00,0.00,0,0
1478464149,s1,0.00,0.00,0.00,0,0,0.00,0.00,0.00,0,0,0.00,0.00,0,0
1478464149,wlan0,13069.31,14801.98,27871.29,1495,1320,29.70,29.70,59.41,3,3,0.00,0.00,0,0
1478464149,s1-eth1,851.49,851.49,1702.97,86,86,9.90,9.90,19.80,1,1,0.00,0.00,0,0
1478464149,s2-eth2,0.00,0.00,0.00,0,0,0.00,0.00,0.00,0,0,0.00,0.00,0,0
1478464149,eth1,15039.60,15821.78,30861.39,1598,1519,29.70,79.21,108.91,8,3,0.00,0.00,0,0
1478464149,s2,0.00,0.00,0.00,0,0,0.00,0.00,0.00,0,0,0.00,0.00,0,0
1478464149,eth0,0.00,0.00,0.00,0,0,0.00,0.00,0.00,0,0,0.00,0.00,0,0
1478464149,total,36029.70,38544.55,74574.26,3893,3639,128.71,178.22,306.93,18,13,0.00,0.00,0,0
1478464149,s1-eth2,1610.00,3810.00,5420.00,381,161,20.00,40.00,60.00,4,2,0.00,0.00,0,0
1478464149,s2-eth1,2500.00,1600.00,4100.00,160,250,30.00,20.00,50.00,2,3,0.00,0.00,0,0
1478464149,lo,9490.00,9490.00,18980.00,949,949,110.00,110.00,220.00,11,11,0.00,0.00,0,0
1478464149,s1,0.00,0.00,0.00,0,0,0.00,0.00,0.00,0,0,0.00,0.00,0,0
1478464149,wlan0,0.00,0.00,0.00,0,0,0.00,0.00,0.00,0,0,0.00,0.00,0,0
1478464149,s1-eth1,3810.00,1610.00,5420.00,161,381,40.00,20.00,60.00,2,4,0.00,0.00,0,0
1478464149,s2-eth2,1600.00,0.00,1600.00,0,160,20.00,0.00,20.00,0,2,0.00,0.00,0,0
1478464149,eth1,1600.00,5730.00,7330.00,573,160,20.00,70.00,90.00,7,2,0.00,0.00,0,0
1478464149,s2,0.00,1600.00,1600.00,160,0,0.00,20.00,20.00,2,0,0.00,0.00,0,0
1478464149,eth0,0.00,0.00,0.00,0,0,0.00,0.00,0.00,0,0,0.00,0.00,0,0
1478464149,total,20610.00,23840.00,44450.00,2384,2061,240.00,280.00,520.00,28,24,0.00,0.00,0,0
1478464149,s1-eth2,4810.00,2280.00,7090.00,228,481,60.00,20.00,80.00,2,6,0.00,0.00,0,0
1478464149,s2-eth1,2670.00,0.00,2670.00,0,267,30.00,0.00,30.00,0,3,0.00,0.00,0,0
1478464149,lo,22650.00,22650.00,45300.00,2265,2265,220.00,220.00,440.00,22,22,0.00,0.00,0,0
1478464149,s1,0.00,1600.00,1600.00,160,0,0.00,20.00,20.00,2,0,0.00,0.00,0,0
1478464149,wlan0,4850.00,0.00,4850.00,0,485,20.00,0.00,20.00,0,2,0.00,0.00,0,0
1478464149,s1-eth1,2280.00,4810.00,7090.00,481,228,20.00,60.00,80.00,6,2,0.00,0.00,0,0
1478464149,s2-eth2,2500.00,0.00,2500.00,0,250,30.00,0.00,30.00,0,3,0.00,0.00,0,0
1478464149,eth1,1600.00,7700.00,9300.00,770,160,20.00,50.00,70.00,5,2,0.00,0.00,0,0
1478464149,s2,2500.00,0.00,2500.00,0,250,30.00,0.00,30.00,0,3,0.00,0.00,0,0
1478464149,eth0,0.00,0.00,0.00,0,0,0.00,0.00,0.00,0,0,0.00,0.00,0,0
1478464149,total,43860.00,39040.00,82900.00,3904,4386,430.00,370.00,800.00,37,43,0.00,0.00,0,0
1478464149,s1-eth2,3380.00,155790.00,159170.00,15579,338,40.00,150.00,190.00,15,4,0.00,0.00,0,0
1478464149,s2-eth1,4210.00,0.00,4210.00,0,421,20.00,0.00,20.00,0,2,0.00,0.00,0,0
1478464149,lo,19620.00,19620.00,39240.00,1962,1962,220.00,220.00,440.00,22,22,0.00,0.00,0,0
1478464149,s1,900.00,900.00,1800.00,90,90,10.00,10.00,20.00,1,1,0.00,0.00,0,0
1478464149,wlan0,5410.00,6740.00,12150.00,674,541,40.00,60.00,100.00,6,4,0.00,0.00,0,0
1478464149,s1-eth1,158290.00,3380.00,161670.00,338,15829,180.00,40.00,220.00,4,18,0.00,0.00,0,0
1478464149,s2-eth2,0.00,1600.00,1600.00,160,0,0.00,20.00,20.00,2,0,0.00,0.00,0,0
1478464149,eth1,8580.00,14980.00,23560.00,1498,858,80.00,180.00,260.00,18,8,0.00,0.00,0,0
1478464149,s2,0.00,1600.00,1600.00,160,0,0.00,20.00,20.00,2,0,0.00,0.00,0,0
1478464149,eth0,0.00,0.00,0.00,0,0,0.00,0.00,0.00,0,0,0.00,0.00,0,0
1478464149,total,200390.00,204610.00,405000.00,20461,20039,590.00,700.00,1290.00,70,59,0.00,0.00,0,0
1478464149,s1-eth2,46040.00,908400.00,954440.00,90840,4604,620.00,600.00,1220.00,60,62,0.00,0.00,0,0
1478464149,s2-eth1,3400.00,0.00,3400.00,0,340,30.00,0.00,30.00,0,3,0.00,0.00,0,0
1478464149,lo,0.00,0.00,0.00,0,0,0.00,0.00,0.00,0,0,0.00,0.00,0,0
1478464149,s1,0.00,0.00,0.00,0,0,0.00,0.00,0.00,0,0,0.00,0.00,0,0
1478464149,wlan0,0.00,0.00,0.00,0,0,0.00,0.00,0.00,0,0,0.00,0.00,0,0
1478464149,s1-eth1,910400.00,51060.00,961460.00,5106,91040,620.00,690.00,1310.00,69,62,0.00,0.00,0,0
1478464149,s2-eth2,0.00,0.00,0.00,0,0,0.00,0.00,0.00,0,0,0.00,0.00,0,0
1478464149,eth1,0.00,3840.00,3840.00,384,0,0.00,60.00,60.00,6,0,0.00,0.00,0,0
1478464149,s2,0.00,0.00,0.00,0,0,0.00,0.00,0.00,0,0,0.00,0.00,0,0
1478464149,eth0,0.00,0.00,0.00,0,0,0.00,0.00,0.00,0,0,0.00,0.00,0,0
1478464149,total,959840.00,963300.00,1923140.00,96330,95984,1270.00,1350.00,2620.00,135,127,0.00,0.00,0,0
1478464149,s1-eth2,126080.00,4997800.00,5123880.00,499780,12608,1700.00,3320.00,5020.00,332,170,0.00,0.00,0,0
1478464149,s2-eth1,900.00,900.00,1800.00,90,90,10.00,10.00,20.00,1,1,0.00,0.00,0,0
1478464149,lo,11850.00,11850.00,23700.00,1185,1185,130.00,130.00,260.00,13,13,0.00,0.00,0,0
1478464149,s1,0.00,1600.00,1600.00,160,0,0.00,20.00,20.00,2,0,0.00,0.00,0,0
1478464149,wlan0,0.00,0.00,0.00,0,0,0.00,0.00,0.00,0,0,0.00,0.00,0,0
1478464149,s1-eth1,3745560.00,117660.00,3863220.00,11766,374556,2510.00,1590.00,4100.00,159,251,0.00,0.00,0,0
1478464149,s2-eth2,900.00,0.00,900.00,0,90,10.00,0.00,10.00,0,1,0.00,0.00,0,0
1478464149,eth1,1600.00,9250.00,10850.00,925,160,20.00,120.00,140.00,12,2,0.00,0.00,0,0
1478464149,s2,0.00,900.00,900.00,90,0,0.00,10.00,10.00,1,0,0.00,0.00,0,0
1478464149,eth0,0.00,0.00,0.00,0,0,0.00,0.00,0.00,0,0,0.00,0.00,0,0
1478464149,total,3886890.00,5139960.00,9026850.00,513996,388689,4380.00,5200.00,9580.00,520,438,0.00,0.00,0,0
1478464149,s1-eth2,410290.00,12051440.00,12461730.00,1205144,41029,5540.00,7960.00,13500.00,796,554,0.00,0.00,0,0
1478464149,s2-eth1,3310.00,0.00,3310.00,0,331,10.00,0.00,10.00,0,1,0.00,0.00,0,0
1478464149,lo,0.00,0.00,0.00,0,0,0.00,0.00,0.00,0,0,0.00,0.00,0,0
1478464149,s1,0.00,0.00,0.00,0,0,0.00,0.00,0.00,0,0,0.00,0.00,0,0
1478464149,wlan0,0.00,0.00,0.00,0,0,0.00,0.00,0.00,0,0,0.00,0.00,0,0
1478464149,s1-eth1,12053240.00,444740.00,12497980.00,44474,1205324,7970.00,6010.00,13980.00,601,797,0.00,0.00,0,0
1478464149,s2-eth2,0.00,0.00,0.00,0,0,0.00,0.00,0.00,0,0,0.00,0.00,0,0
1478464149,eth1,0.00,3840.00,3840.00,384,0,0.00,60.00,60.00,6,0,0.00,0.00,0,0
1478464149,s2,0.00,0.00,0.00,0,0,0.00,0.00,0.00,0,0,0.00,0.00,0,0
1478464149,eth0,0.00,0.00,0.00,0,0,0.00,0.00,0.00,0,0,0.00,0.00,0,0
1478464149,total,12466840.00,12500020.00,24966860.00,1250002,1246684,13520.00,14030.00,27550.00,1403,1352,0.00,0.00,0,0
1478464149,s1-eth2,432510.00,12535920.00,12968430.00,1253592,43251,5810.00,8280.00,14090.00,828,581,0.00,0.00,0,0
1478464149,s2-eth1,0.00,0.00,0.00,0,0,0.00,0.00,0.00,0,0,0.00,0.00,0,0
1478464149,lo,3410.00,3410.00,6820.00,341,341,40.00,40.00,80.00,4,4,0.00,0.00,0,0
1478464149,s1,0.00,0.00,0.00,0,0,0.00,0.00,0.00,0,0,0.00,0.00,0,0
1478464149,wlan0,0.00,0.00,0.00,0,0,0.00,0.00,0.00,0,0,0.00,0.00,0,0
1478464149,s1-eth1,12551060.00,424020.00,12975080.00,42402,1255106,8290.00,5730.00,14020.00,573,829,0.00,0.00,0,0
1478464149,s2-eth2,2500.00,0.00,2500.00,0,250,30.00,0.00,30.00,0,3,0.00,0.00,0,0
1478464149,eth1,1600.00,5730.00,7330.00,573,160,20.00,70.00,90.00,7,2,0.00,0.00,0,0
1478464149,s2,0.00,0.00,0.00,0,0,0.00,0.00,0.00,0,0,0.00,0.00,0,0
1478464149,eth0,0.00,0.00,0.00,0,0,0.00,0.00,0.00,0,0,0.00,0.00,0,0
1478464149,total,12991080.00,12969080.00,25960160.00,1296908,1299108,14190.00,14120.00,28310.00,1412,1419,0.00,0.00,0,0
1478464149,s1-eth2,308160.00,12535920.00,12844080.00,1253592,30816,4150.00,8280.00,12430.00,828,415,0.00,0.00,0,0
1478464149,s2-eth1,4410.00,0.00,4410.00,0,441,20.00,0.00,20.00,0,2,0.00,0.00,0,0
1478464149,lo,17250.00,17250.00,34500.00,1725,1725,180.00,180.00,360.00,18,18,0.00,0.00,0,0
1478464149,s1,0.00,0.00,0.00,0,0,0.00,0.00,0.00,0,0,0.00,0.00,0,0
1478464149,wlan0,0.00,0.00,0.00,0,0,0.00,0.00,0.00,0,0,0.00,0.00,0,0
1478464149,s1-eth1,12524990.00,306360.00,12831350.00,30636,1252499,8290.00,4140.00,12430.00,414,829,0.00,0.00,0,0
1478464149,s2-eth2,1070.00,0.00,1070.00,0,107,10.00,0.00,10.00,0,1,0.00,0.00,0,0
1478464149,eth1,7500.00,19390.00,26890.00,1939,750,90.00,190.00,280.00,19,9,0.00,0.00,0,0
1478464149,s2,0.00,0.00,0.00,0,0,0.00,0.00,0.00,0,0,0.00,0.00,0,0
1478464149,eth0,0.00,0.00,0.00,0,0,0.00,0.00,0.00,0,0,0.00,0.00,0,0
1478464149,total,12863380.00,12878920.00,25742300.00,1287892,1286338,12740.00,12790.00,25530.00,1279,1274,0.00,0.00,0,0
1478464149,s1-eth2,306360.00,12535920.00,12842280.00,1253592,30636,4140.00,8280.00,12420.00,828,414,0.00,0.00,0,0
1478464149,s2-eth1,900.00,0.00,900.00,0,90,10.00,0.00,10.00,0,1,0.00,0.00,0,0
1478464149,lo,2880.00,2880.00,5760.00,288,288,30.00,30.00,60.00,3,3,0.00,0.00,0,0
1478464149,s1,0.00,0.00,0.00,0,0,0.00,0.00,0.00,0,0,0.00,0.00,0,0
1478464149,wlan0,900.00,620.00,1520.00,62,90,10.00,10.00,20.00,1,1,0.00,0.00,0,0
1478464149,s1-eth1,12535920.00,306360.00,12842280.00,30636,1253592,8280.00,4140.00,12420.00,414,828,0.00,0.00,0,0
1478464149,s2-eth2,6210.00,900.00,7110.00,90,621,30.00,10.00,40.00,1,3,0.00,0.00,0,0
1478464149,eth1,660.00,4580.00,5240.00,458,66,10.00,70.00,80.00,7,1,0.00,0.00,0,0
1478464149,s2,0.00,900.00,900.00,90,0,0.00,10.00,10.00,1,0,0.00,0.00,0,0
1478464149,eth0,0.00,0.00,0.00,0,0,0.00,0.00,0.00,0,0,0.00,0.00,0,0
1478464149,total,12853830.00,12852160.00,25705990.00,1285216,1285383,12510.00,12550.00,25060.00,1255,1251,0.00,0.00,0,0
1478464150,s1-eth2,307693.09,12411802.00,12719496.00,1253592,31077,4118.81,8198.02,12316.83,828,416,0.00,0.00,0,0
1478464150,s2-eth1,3099.01,0.00,3099.01,0,313,9.90,0.00,9.90,0,1,0.00,0.00,0,0
1478464150,lo,0.00,0.00,0.00,0,0,0.00,0.00,0.00,0,0,0.00,0.00,0,0
1478464150,s1,0.00,0.00,0.00,0,0,0.00,0.00,0.00,0,0,0.00,0.00,0,0
1478464150,wlan0,4376.24,4534.65,8910.89,458,442,29.70,19.80,49.50,2,3,0.00,0.00,0,0
1478464150,s1-eth1,12415080.00,303326.75,12718406.00,30636,1253923,8207.92,4099.01,12306.93,414,829,0.00,0.00,0,0
1478464150,s2-eth2,0.00,0.00,0.00,0,0,0.00,0.00,0.00,0,0,0.00,0.00,0,0
1478464150,eth1,2841.58,4742.57,7584.16,479,287,9.90,59.41,69.31,6,1,0.00,0.00,0,0
1478464150,s2,0.00,0.00,0.00,0,0,0.00,0.00,0.00,0,0,0.00,0.00,0,0
1478464150,eth0,0.00,0.00,0.00,0,0,0.00,0.00,0.00,0,0,0.00,0.00,0,0
1478464150,total,12733090.00,12724406.00,25457496.00,1285165,1286042,12376.24,12376.24,24752.48,1250,1250,0.00,0.00,0,0
1478464150,s1-eth2,305620.00,12536820.00,12842440.00,1253682,30562,4130.00,8290.00,12420.00,829,413,0.00,0.00,0,0
1478464150,s2-eth1,0.00,0.00,0.00,0,0,0.00,0.00,0.00,0,0,0.00,0.00,0,0
1478464150,lo,2880.00,2880.00,5760.00,288,288,30.00,30.00,60.00,3,3,0.00,0.00,0,0
1478464150,s1,0.00,900.00,900.00,90,0,0.00,10.00,10.00,1,0,0.00,0.00,0,0
1478464150,wlan0,0.00,0.00,0.00,0,0,0.00,0.00,0.00,0,0,0.00,0.00,0,0
1478464150,s1-eth1,12536820.00,306360.00,12843180.00,30636,1253682,8290.00,4140.00,12430.00,414,829,0.00,0.00,0,0
1478464150,s2-eth2,3310.00,0.00,3310.00,0,331,10.00,0.00,10.00,0,1,0.00,0.00,0,0
1478464150,eth1,0.00,5120.00,5120.00,512,0,0.00,80.00,80.00,8,0,0.00,0.00,0,0
1478464150,s2,0.00,0.00,0.00,0,0,0.00,0.00,0.00,0,0,0.00,0.00,0,0
1478464150,eth0,0.00,0.00,0.00,0,0,0.00,0.00,0.00,0,0,0.00,0.00,0,0
1478464150,total,12848630.00,12852080.00,25700710.00,1285208,1284863,12460.00,12550.00,25010.00,1255,1246,0.00,0.00,0,0
1478464150,s1-eth2,310570.00,12520780.00,12831350.00,1252078,31057,4160.00,8270.00,12430.00,827,416,0.00,0.00,0,0
1478464150,s2-eth1,1070.00,0.00,1070.00,0,107,10.00,0.00,10.00,0,1,0.00,0.00,0,0
1478464150,lo,0.00,0.00,0.00,0,0,0.00,0.00,0.00,0,0,0.00,0.00,0,0
1478464150,s1,0.00,0.00,0.00,0,0,0.00,0.00,0.00,0,0,0.00,0.00,0,0
1478464150,wlan0,0.00,540.00,540.00,54,0,0.00,10.00,10.00,1,0,0.00,0.00,0,0
1478464150,s1-eth1,12523910.00,306360.00,12830270.00,30636,1252391,8280.00,4140.00,12420.00,414,828,0.00,0.00,0,0
1478464150,s2-eth2,0.00,0.00,0.00,0,0,0.00,0.00,0.00,0,0,0.00,0.00,0,0
1478464150,eth1,640.00,8960.00,9600.00,896,64,10.00,140.00,150.00,14,1,0.00,0.00,0,0
1478464150,s2,0.00,0.00,0.00,0,0,0.00,0.00,0.00,0,0,0.00,0.00,0,0
1478464150,eth0,0.00,0.00,0.00,0,0,0.00,0.00,0.00,0,0,0.00,0.00,0,0
1478464150,total,12836190.00,12836640.00,25672830.00,1283664,1283619,12460.00,12560.00,25020.00,1256,1246,0.00,0.00,0,0
1478464150,s1-eth2,306360.00,12535920.00,12842280.00,1253592,30636,4140.00,8280.00,12420.00,828,414,0.00,0.00,0,0
1478464150,s2-eth1,0.00,0.00,0.00,0,0,0.00,0.00,0.00,0,0,0.00,0.00,0,0
1478464150,lo,0.00,0.00,0.00,0,0,0.00,0.00,0.00,0,0,0.00,0.00,0,0
1478464150,s1,0.00,0.00,0.00,0,0,0.00,0.00,0.00,0,0,0.00,0.00,0,0
1478464150,wlan0,0.00,0.00,0.00,0,0,0.00,0.00,0.00,0,0,0.00,0.00,0,0
1478464150,s1-eth1,12535920.00,305620.00,12841540.00,30562,1253592,8280.00,4130.00,12410.00,413,828,0.00,0.00,0,0
1478464150,s2-eth2,900.00,0.00,900.00,0,90,10.00,0.00,10.00,0,1,0.00,0.00,0,0
1478464150,eth1,0.00,7360.00,7360.00,736,0,0.00,110.00,110.00,11,0,0.00,0.00,0,0
1478464150,s2,0.00,0.00,0.00,0,0,0.00,0.00,0.00,0,0,0.00,0.00,0,0
1478464150,eth0,0.00,0.00,0.00,0,0,0.00,0.00,0.00,0,0,0.00,0.00,0,0
1478464150,total,12843180.00,12848900.00,25692080.00,1284890,1284318,12430.00,12520.00,24950.00,1252,1243,0.00,0.00,0,0
1478464150,s1-eth2,309490.00,12535920.00,12845410.00,1253592,30949,4150.00,8280.00,12430.00,828,415,0.00,0.00,0,0
1478464150,s2-eth1,0.00,0.00,0.00,0,0,0.00,0.00,0.00,0,0,0.00,0.00,0,0
1478464150,lo,0.00,0.00,0.00,0,0,0.00,0.00,0.00,0,0,0.00,0.00,0,0
1478464150,s1,0.00,0.00,0.00,0,0,0.00,0.00,0.00,0,0,0.00,0.00,0,0
1478464150,wlan0,0.00,0.00,0.00,0,0,0.00,0.00,0.00,0,0,0.00,0.00,0,0
1478464150,s1-eth1,12536990.00,306360.00,12843350.00,30636,1253699,8290.00,4140.00,12430.00,414,829,0.00,0.00,0,0
1478464150,s2-eth2,6730.00,0.00,6730.00,0,673,20.00,0.00,20.00,0,2,0.00,0.00,0,0
1478464150,eth1,0.00,10500.00,10500.00,1050,0,0.00,120.00,120.00,12,0,0.00,0.00,0,0
1478464150,s2,0.00,0.00,0.00,0,0,0.00,0.00,0.00,0,0,0.00,0.00,0,0
1478464150,eth0,0.00,0.00,0.00,0,0,0.00,0.00,0.00,0,0,0.00,0.00,0,0
1478464150,total,12853210.00,12852780.00,25705990.00,1285278,1285321,12460.00,12540.00,25000.00,1254,1246,0.00,0.00,0,0
1478464150,s1-eth2,306360.00,12535920.00,12842280.00,1253592,30636,4140.00,8280.00,12420.00,828,414,0.00,0.00,0,0
1478464150,s2-eth1,1800.00,0.00,1800.00,0,180,10.00,0.00,10.00,0,1,0.00,0.00,0,0
1478464150,lo,0.00,0.00,0.00,0,0,0.00,0.00,0.00,0,0,0.00,0.00,0,0
1478464150,s1,0.00,0.00,0.00,0,0,0.00,0.00,0.00,0,0,0.00,0.00,0,0
1478464150,wlan0,1480.00,19690.00,21170.00,1969,148,20.00,20.00,40.00,2,2,0.00,0.00,0,0
1478464150,s1-eth1,12535920.00,306360.00,12842280.00,30636,1253592,8280.00,4140.00,12420.00,414,828,0.00,0.00,0,0
1478464150,s2-eth2,0.00,0.00,0.00,0,0,0.00,0.00,0.00,0,0,0.00,0.00,0,0
1478464150,eth1,19770.00,9600.00,29370.00,960,1977,20.00,150.00,170.00,15,2,0.00,0.00,0,0
1478464150,s2,0.00,0.00,0.00,0,0,0.00,0.00,0.00,0,0,0.00,0.00,0,0
1478464150,eth0,0.00,0.00,0.00,0,0,0.00,0.00,0.00,0,0,0.00,0.00,0,0
1478464150,total,12865330.00,12871570.00,25736900.00,1287157,1286533,12470.00,12590.00,25060.00,1259,1247,0.00,0.00,0,0
1478464150,s1-eth2,307430.00,12535920.00,12843350.00,1253592,30743,4150.00,8280.00,12430.00,828,415,0.00,0.00,0,0
1478464150,s2-eth1,0.00,0.00,0.00,0,0,0.00,0.00,0.00,0,0,0.00,0.00,0,0
1478464150,lo,0.00,0.00,0.00,0,0,0.00,0.00,0.00,0,0,0.00,0.00,0,0
1478464150,s1,0.00,0.00,0.00,0,0,0.00,0.00,0.00,0,0,0.00,0.00,0,0
1478464150,wlan0,111190.00,34480.00,145670.00,3448,11119,150.00,140.00,290.00,14,15,0.00,0.00,0,0
1478464150,s1-eth1,12524200.00,306360.00,12830560.00,30636,1252420,8280.00,4140.00,12420.00,414,828,0.00,0.00,0,0
1478464150,s2-eth2,3130.00,0.00,3130.00,0,313,10.00,0.00,10.00,0,1,0.00,0.00,0,0
1478464150,eth1,35640.00,113560.00,149200.00,11356,3564,140.00,220.00,360.00,22,14,0.00,0.00,0,0
1478464150,s2,0.00,0.00,0.00,0,0,0.00,0.00,0.00,0,0,0.00,0.00,0,0
1478464150,eth0,0.00,0.00,0.00,0,0,0.00,0.00,0.00,0,0,0.00,0.00,0,0
1478464150,total,12981590.00,12990320.00,25971910.00,1299032,1298159,12730.00,12780.00,25510.00,1278,1273,0.00,0.00,0,0
1478464150,s1-eth2,306360.00,12535920.00,12842280.00,1253592,30636,4140.00,8280.00,12420.00,828,414,0.00,0.00,0,0
1478464150,s2-eth1,0.00,0.00,0.00,0,0,0.00,0.00,0.00,0,0,0.00,0.00,0,0
1478464150,lo,3410.00,3410.00,6820.00,341,341,40.00,40.00,80.00,4,4,0.00,0.00,0,0
1478464150,s1,0.00,0.00,0.00,0,0,0.00,0.00,0.00,0,0,0.00,0.00,0,0
1478464150,wlan0,740.00,2510.00,3250.00,251,74,10.00,10.00,20.00,1,1,0.00,0.00,0,0
1478464150,s1-eth1,12537720.00,306360.00,12844080.00,30636,1253772,8290.00,4140.00,12430.00,414,829,0.00,0.00,0,0
1478464150,s2-eth2,0.00,0.00,0.00,0,0,0.00,0.00,0.00,0,0,0.00,0.00,0,0
1478464150,eth1,4790.00,3170.00,7960.00,317,479,40.00,30.00,70.00,3,4,0.00,0.00,0,0
1478464150,s2,0.00,0.00,0.00,0,0,0.00,0.00,0.00,0,0,0.00,0.00,0,0
1478464150,eth0,0.00,0.00,0.00,0,0,0.00,0.00,0.00,0,0,0.00,0.00,0,0
1478464150,total,12853020.00,12851370.00,25704390.00,1285137,1285302,12520.00,12500.00,25020.00,1250,1252,0.00,0.00,0,0
1478464150,s1-eth2,309040.00,12535920.00,12844960.00,1253592,30904,4140.00,8280.00,12420.00,828,414,0.00,0.00,0,0
1478464150,s2-eth1,3420.00,0.00,3420.00,0,342,10.00,0.00,10.00,0,1,0.00,0.00,0,0
1478464150,lo,0.00,0.00,0.00,0,0,0.00,0.00,0.00,0,0,0.00,0.00,0,0
1478464150,s1,0.00,0.00,0.00,0,0,0.00,0.00,0.00,0,0,0.00,0.00,0,0
1478464150,wlan0,1750.00,0.00,1750.00,0,175,10.00,0.00,10.00,0,1,0.00,0.00,0,0
1478464150,s1-eth1,12535920.00,306360.00,12842280.00,30636,1253592,8280.00,4140.00,12420.00,414,828,0.00,0.00,0,0
1478464150,s2-eth2,1070.00,0.00,1070.00,0,107,10.00,0.00,10.00,0,1,0.00,0.00,0,0
1478464150,eth1,0.00,1590.00,1590.00,159,0,0.00,10.00,10.00,1,0,0.00,0.00,0,0
1478464150,s2,0.00,0.00,0.00,0,0,0.00,0.00,0.00,0,0,0.00,0.00,0,0
1478464150,eth0,0.00,0.00,0.00,0,0,0.00,0.00,0.00,0,0,0.00,0.00,0,0
1478464150,total,12851200.00,12843870.00,25695070.00,1284387,1285120,12450.00,12430.00,24880.00,1243,1245,0.00,0.00,0,0
1478464150,s1-eth2,314820.00,12520780.00,12835600.00,1252078,31482,4240.00,8270.00,12510.00,827,424,0.00,0.00,0,0
1478464150,s2-eth1,0.00,0.00,0.00,0,0,0.00,0.00,0.00,0,0,0.00,0.00,0,0
1478464150,lo,0.00,0.00,0.00,0,0,0.00,0.00,0.00,0,0,0.00,0.00,0,0
1478464150,s1,0.00,0.00,0.00,0,0,0.00,0.00,0.00,0,0,0.00,0.00,0,0
1478464150,wlan0,0.00,0.00,0.00,0,0,0.00,0.00,0.00,0,0,0.00,0.00,0,0
1478464150,s1-eth1,12535920.00,313020.00,12848940.00,31302,1253592,8280.00,4230.00,12510.00,423,828,0.00,0.00,0,0
1478464150,s2-eth2,0.00,0.00,0.00,0,0,0.00,0.00,0.00,0,0,0.00,0.00,0,0
1478464150,eth1,0.00,3840.00,3840.00,384,0,0.00,60.00,60.00,6,0,0.00,0.00,0,0
1478464150,s2,0.00,0.00,0.00,0,0,0.00,0.00,0.00,0,0,0.00,0.00,0,0
1478464150,eth0,0.00,0.00,0.00,0,0,0.00,0.00,0.00,0,0,0.00,0.00,0,0
1478464150,total,12850740.00,12837640.00,25688380.00,1283764,1285074,12520.00,12560.00,25080.00,1256,1252,0.00,0.00,0,0
1478464151,s1-eth2,303326.75,12411802.00,12715129.00,1253592,30636,4099.01,8198.02,12297.03,828,414,0.00,0.00,0,0
1478464151,s2-eth1,0.00,0.00,0.00,0,0,0.00,0.00,0.00,0,0,0.00,0.00,0,0
1478464151,lo,0.00,0.00,0.00,0,0,0.00,0.00,0.00,0,0,0.00,0.00,0,0
1478464151,s1,0.00,0.00,0.00,0,0,0.00,0.00,0.00,0,0,0.00,0.00,0,0
1478464151,wlan0,0.00,534.65,534.65,54,0,0.00,9.90,9.90,1,0,0.00,0.00,0,0
1478464151,s1-eth1,12396812.00,314316.84,12711129.00,31746,1252078,8188.12,4247.52,12435.64,429,827,0.00,0.00,0,0
1478464151,s2-eth2,1782.18,0.00,1782.18,0,180,9.90,0.00,9.90,0,1,0.00,0.00,0,0
1478464151,eth1,633.66,8554.46,9188.12,864,64,9.90,128.71,138.61,13,1,0.00,0.00,0,0
1478464151,s2,0.00,0.00,0.00,0,0,0.00,0.00,0.00,0,0,0.00,0.00,0,0
1478464151,eth0,0.00,0.00,0.00,0,0,0.00,0.00,0.00,0,0,0.00,0.00,0,0
1478464151,total,12702555.00,12735208.00,25437764.00,1286256,1282958,12306.93,12584.16,24891.09,1271,1243,0.00,0.00,0,0
1478464151,s1-eth2,317460.00,12535920.00,12853380.00,1253592,31746,4290.00,8280.00,12570.00,828,429,0.00,0.00,0,0
1478464151,s2-eth1,0.00,0.00,0.00,0,0,0.00,0.00,0.00,0,0,0.00,0.00,0,0
1478464151,lo,0.00,0.00,0.00,0,0,0.00,0.00,0.00,0,0,0.00,0.00,0,0
1478464151,s1,0.00,0.00,0.00,0,0,0.00,0.00,0.00,0,0,0.00,0.00,0,0
1478464151,wlan0,0.00,0.00,0.00,0,0,0.00,0.00,0.00,0,0,0.00,0.00,0,0
1478464151,s1-eth1,12535920.00,306360.00,12842280.00,30636,1253592,8280.00,4140.00,12420.00,414,828,0.00,0.00,0,0
1478464151,s2-eth2,0.00,0.00,0.00,0,0,0.00,0.00,0.00,0,0,0.00,0.00,0,0
1478464151,eth1,0.00,9600.00,9600.00,960,0,0.00,150.00,150.00,15,0,0.00,0.00,0,0
1478464151,s2,0.00,0.00,0.00,0,0,0.00,0.00,0.00,0,0,0.00,0.00,0,0
1478464151,eth0,0.00,0.00,0.00,0,0,0.00,0.00,0.00,0,0,0.00,0.00,0,0
1478464151,total,12853380.00,12851880.00,25705260.00,1285188,1285338,12570.00,12570.00,25140.00,1257,1257,0.00,0.00,0,0
1478464151,s1-eth2,333740.00,12535920.00,12869660.00,1253592,33374,4510.00,8280.00,12790.00,828,451,0.00,0.00,0,0
1478464151,s2-eth1,3130.00,0.00,3130.00,0,313,10.00,0.00,10.00,0,1,0.00,0.00,0,0
1478464151,lo,0.00,0.00,0.00,0,0,0.00,0.00,0.00,0,0,0.00,0.00,0,0
1478464151,s1,0.00,0.00,0.00,0,0,0.00,0.00,0.00,0,0,0.00,0.00,0,0
1478464151,wlan0,0.00,0.00,0.00,0,0,0.00,0.00,0.00,0,0,0.00,0.00,0,0
1478464151,s1-eth1,12535920.00,333000.00,12868920.00,33300,1253592,8280.00,4500.00,12780.00,450,828,0.00,0.00,0,0
1478464151,s2-eth2,0.00,0.00,0.00,0,0,0.00,0.00,0.00,0,0,0.00,0.00,0,0
1478464151,eth1,0.00,7100.00,7100.00,710,0,0.00,110.00,110.00,11,0,0.00,0.00,0,0
1478464151,s2,0.00,0.00,0.00,0,0,0.00,0.00,0.00,0,0,0.00,0.00,0,0
1478464151,eth0,0.00,0.00,0.00,0,0,0.00,0.00,0.00,0,0,0.00,0.00,0,0
1478464151,total,12872790.00,12876020.00,25748810.00,1287602,1287279,12800.00,12890.00,25690.00,1289,1280,0.00,0.00,0,0
1478464151,s1-eth2,318200.00,12520780.00,12838980.00,1252078,31820,4300.00,8270.00,12570.00,827,430,0.00,0.00,0,0
1478464151,s2-eth1,0.00,0.00,0.00,0,0,0.00,0.00,0.00,0,0,0.00,0.00,0,0
1478464151,lo,0.00,0.00,0.00,0,0,0.00,0.00,0.00,0,0,0.00,0.00,0,0
1478464151,s1,0.00,0.00,0.00,0,0,0.00,0.00,0.00,0,0,0.00,0.00,0,0
1478464151,wlan0,0.00,0.00,0.00,0,0,0.00,0.00,0.00,0,0,0.00,0.00,0,0
1478464151,s1-eth1,12535920.00,318200.00,12854120.00,31820,1253592,8280.00,4300.00,12580.00,430,828,0.00,0.00,0,0
1478464151,s2-eth2,0.00,0.00,0.00,0,0,0.00,0.00,0.00,0,0,0.00,0.00,0,0
1478464151,eth1,0.00,5120.00,5120.00,512,0,0.00,80.00,80.00,8,0,0.00,0.00,0,0
1478464151,s2,0.00,0.00,0.00,0,0,0.00,0.00,0.00,0,0,0.00,0.00,0,0
1478464151,eth0,0.00,0.00,0.00,0,0,0.00,0.00,0.00,0,0,0.00,0.00,0,0
1478464151,total,12854120.00,12844100.00,25698220.00,1284410,1285412,12580.00,12650.00,25230.00,1265,1258,0.00,0.00,0,0
1478464151,s1-eth2,306360.00,12535920.00,12842280.00,1253592,30636,4140.00,8280.00,12420.00,828,414,0.00,0.00,0,0
1478464151,s2-eth1,0.00,0.00,0.00,0,0,0.00,0.00,0.00,0,0,0.00,0.00,0,0
1478464151,lo,0.00,0.00,0.00,0,0,0.00,0.00,0.00,0,0,0.00,0.00,0,0
1478464151,s1,0.00,0.00,0.00,0,0,0.00,0.00,0.00,0,0,0.00,0.00,0,0
1478464151,wlan0,0.00,0.00,0.00,0,0,0.00,0.00,0.00,0,0,0.00,0.00,0,0
1478464151,s1-eth1,12523910.00,306360.00,12830270.00,30636,1252391,8280.00,4140.00,12420.00,414,828,0.00,0.00,0,0
1478464151,s2-eth2,0.00,0.00,0.00,0,0,0.00,0.00,0.00,0,0,0.00,0.00,0,0
1478464151,eth1,0.00,6400.00,6400.00,640,0,0.00,100.00,100.00,10,0,0.00,0.00,0,0
1478464151,s2,0.00,0.00,0.00,0,0,0.00,0.00,0.00,0,0,0.00,0.00,0,0
1478464151,eth0,0.00,0.00,0.00,0,0,0.00,0.00,0.00,0,0,0.00,0.00,0,0
1478464151,total,12830270.00,12848680.00,25678950.00,1284868,1283027,12420.00,12520.00,24940.00,1252,1242,0.00,0.00,0,0
1478464151,s1-eth2,330780.00,12535920.00,12866700.00,1253592,33078,4470.00,8280.00,12750.00,828,447,0.00,0.00,0,0
1478464151,s2-eth1,0.00,0.00,0.00,0,0,0.00,0.00,0.00,0,0,0.00,0.00,0,0
1478464151,lo,0.00,0.00,0.00,0,0,0.00,0.00,0.00,0,0,0.00,0.00,0,0
1478464151,s1,0.00,0.00,0.00,0,0,0.00,0.00,0.00,0,0,0.00,0.00,0,0
1478464151,wlan0,0.00,0.00,0.00,0,0,0.00,0.00,0.00,0,0,0.00,0.00,0,0
1478464151,s1-eth1,12535920.00,330780.00,12866700.00,33078,1253592,8280.00,4470.00,12750.00,447,828,0.00,0.00,0,0
1478464151,s2-eth2,0.00,0.00,0.00,0,0,0.00,0.00,0.00,0,0,0.00,0.00,0,0
1478464151,eth1,0.00,4480.00,4480.00,448,0,0.00,70.00,70.00,7,0,0.00,0.00,0,0
1478464151,s2,0.00,0.00,0.00,0,0,0.00,0.00,0.00,0,0,0.00,0.00,0,0
1478464151,eth0,0.00,0.00,0.00,0,0,0.00,0.00,0.00,0,0,0.00,0.00,0,0
1478464151,total,12866700.00,12871180.00,25737880.00,1287118,1286670,12750.00,12820.00,25570.00,1282,1275,0.00,0.00,0,0
1478464151,s1-eth2,322070.00,12535920.00,12857990.00,1253592,32207,4320.00,8280.00,12600.00,828,432,0.00,0.00,0,0
1478464151,s2-eth1,0.00,0.00,0.00,0,0,0.00,0.00,0.00,0,0,0.00,0.00,0,0
1478464151,lo,0.00,0.00,0.00,0,0,0.00,0.00,0.00,0,0,0.00,0.00,0,0
1478464151,s1,0.00,0.00,0.00,0,0,0.00,0.00,0.00,0,0,0.00,0.00,0,0
1478464151,wlan0,1320.00,1780.00,3100.00,178,132,10.00,20.00,30.00,2,1,0.00,0.00,0,0
1478464151,s1-eth1,12535920.00,318940.00,12854860.00,31894,1253592,8280.00,4310.00,12590.00,431,828,0.00,0.00,0,0
1478464151,s2-eth2,0.00,0.00,0.00,0,0,0.00,0.00,0.00,0,0,0.00,0.00,0,0
1478464151,eth1,1860.00,1160.00,3020.00,116,186,20.00,10.00,30.00,1,2,0.00,0.00,0,0
1478464151,s2,0.00,0.00,0.00,0,0,0.00,0.00,0.00,0,0,0.00,0.00,0,0
1478464151,eth0,0.00,0.00,0.00,0,0,0.00,0.00,0.00,0,0,0.00,0.00,0,0
1478464151,total,12861170.00,12857800.00,25718970.00,1285780,1286117,12630.00,12620.00,25250.00,1262,1263,0.00,0.00,0,0
1478464151,s1-eth2,305620.00,12520780.00,12826400.00,1252078,30562,4130.00,8270.00,12400.00,827,413,0.00,0.00,0,0
1478464151,s2-eth1,0.00,0.00,0.00,0,0,0.00,0.00,0.00,0,0,0.00,0.00,0,0
1478464151,lo,1690.00,1690.00,3380.00,169,169,20.00,20.00,40.00,2,2,0.00,0.00,0,0
1478464151,s1,0.00,0.00,0.00,0,0,0.00,0.00,0.00,0,0,0.00,0.00,0,0
1478464151,wlan0,2320.00,0.00,2320.00,0,232,10.00,0.00,10.00,0,1,0.00,0.00,0,0
1478464151,s1-eth1,12535920.00,306360.00,12842280.00,30636,1253592,8280.00,4140.00,12420.00,414,828,0.00,0.00,0,0
1478464151,s2-eth2,3130.00,0.00,3130.00,0,313,10.00,0.00,10.00,0,1,0.00,0.00,0,0
1478464151,eth1,19500.00,8030.00,27530.00,803,1950,110.00,70.00,180.00,7,11,0.00,0.00,0,0
1478464151,s2,0.00,0.00,0.00,0,0,0.00,0.00,0.00,0,0,0.00,0.00,0,0
1478464151,eth0,0.00,0.00,0.00,0,0,0.00,0.00,0.00,0,0,0.00,0.00,0,0
1478464151,total,12868180.00,12836860.00,25705040.00,1283686,1286818,12560.00,12500.00,25060.00,1250,1256,0.00,0.00,0,0
1478464151,s1-eth2,306360.00,12535920.00,12842280.00,1253592,30636,4140.00,8280.00,12420.00,828,414,0.00,0.00,0,0
1478464151,s2-eth1,0.00,0.00,0.00,0,0,0.00,0.00,0.00,0,0,0.00,0.00,0,0
1478464151,lo,0.00,0.00,0.00,0,0,0.00,0.00,0.00,0,0,0.00,0.00,0,0
1478464151,s1,0.00,0.00,0.00,0,0,0.00,0.00,0.00,0,0,0.00,0.00,0,0
1478464151,wlan0,0.00,0.00,0.00,0,0,0.00,0.00,0.00,0,0,0.00,0.00,0,0
1478464151,s1-eth1,12520780.00,306360.00,12827140.00,30636,1252078,8270.00,4140.00,12410.00,414,827,0.00,0.00,0,0
1478464151,s2-eth2,0.00,0.00,0.00,0,0,0.00,0.00,0.00,0,0,0.00,0.00,0,0
1478464151,eth1,1400.00,7230.00,8630.00,723,140,20.00,60.00,80.00,6,2,0.00,0.00,0,0
1478464151,s2,0.00,0.00,0.00,0,0,0.00,0.00,0.00,0,0,0.00,0.00,0,0
1478464151,eth0,0.00,0.00,0.00,0,0,0.00,0.00,0.00,0,0,0.00,0.00,0,0
1478464151,total,12828540.00,12849510.00,25678050.00,1284951,1282854,12430.00,12480.00,24910.00,1248,1243,0.00,0.00,0,0
1478464151,s1-eth2,306360.00,12535920.00,12842280.00,1253592,30636,4140.00,8280.00,12420.00,828,414,0.00,0.00,0,0
1478464151,s2-eth1,0.00,0.00,0.00,0,0,0.00,0.00,0.00,0,0,0.00,0.00,0,0
1478464151,lo,0.00,0.00,0.00,0,0,0.00,0.00,0.00,0,0,0.00,0.00,0,0
1478464151,s1,0.00,0.00,0.00,0,0,0.00,0.00,0.00,0,0,0.00,0.00,0,0
1478464151,wlan0,0.00,0.00,0.00,0,0,0.00,0.00,0.00,0,0,0.00,0.00,0,0
1478464151,s1-eth1,12535920.00,306360.00,12842280.00,30636,1253592,8280.00,4140.00,12420.00,414,828,0.00,0.00,0,0
1478464151,s2-eth2,0.00,0.00,0.00,0,0,0.00,0.00,0.00,0,0,0.00,0.00,0,0
1478464151,eth1,700.00,6400.00,7100.00,640,70,10.00,100.00,110.00,10,1,0.00,0.00,0,0
1478464151,s2,0.00,0.00,0.00,0,0,0.00,0.00,0.00,0,0,0.00,0.00,0,0
1478464151,eth0,0.00,0.00,0.00,0,0,0.00,0.00,0.00,0,0,0.00,0.00,0,0
1478464151,total,12842980.00,12848680.00,25691660.00,1284868,1284298,12430.00,12520.00,24950.00,1252,1243,0.00,0.00,0,0
1478464152,s1-eth2,303326.75,12411802.00,12715129.00,1253592,30636,4099.01,8198.02,12297.03,828,414,0.00,0.00,0,0
1478464152,s2-eth1,0.00,0.00,0.00,0,0,0.00,0.00,0.00,0,0,0.00,0.00,0,0
1478464152,lo,0.00,0.00,0.00,0,0,0.00,0.00,0.00,0,0,0.00,0.00,0,0
1478464152,s1,0.00,0.00,0.00,0,0,0.00,0.00,0.00,0,0,0.00,0.00,0,0
1478464152,wlan0,0.00,0.00,0.00,0,0,0.00,0.00,0.00,0,0,0.00,0.00,0,0
1478464152,s1-eth1,12411802.00,302594.06,12714397.00,30562,1253592,8198.02,4089.11,12287.13,413,828,0.00,0.00,0,0
1478464152,s2-eth2,0.00,0.00,0.00,0,0,0.00,0.00,0.00,0,0,0.00,0.00,0,0
1478464152,eth1,0.00,4435.64,4435.64,448,0,0.00,69.31,69.31,7,0,0.00,0.00,0,0
1478464152,s2,0.00,0.00,0.00,0,0,0.00,0.00,0.00,0,0,0.00,0.00,0,0
1478464152,eth0,0.00,0.00,0.00,0,0,0.00,0.00,0.00,0,0,0.00,0.00,0,0
1478464152,total,12715129.00,12718832.00,25433962.00,1284602,1284228,12297.03,12356.44,24653.47,1248,1242,0.00,0.00,0,0
1478464152,s1-eth2,306360.00,12535920.00,12842280.00,1253592,30636,4140.00,8280.00,12420.00,828,414,0.00,0.00,0,0
1478464152,s2-eth1,0.00,0.00,0.00,0,0,0.00,0.00,0.00,0,0,0.00,0.00,0,0
1478464152,lo,0.00,0.00,0.00,0,0,0.00,0.00,0.00,0,0,0.00,0.00,0,0
1478464152,s1,0.00,0.00,0.00,0,0,0.00,0.00,0.00,0,0,0.00,0.00,0,0
1478464152,wlan0,0.00,0.00,0.00,0,0,0.00,0.00,0.00,0,0,0.00,0.00,0,0
1478464152,s1-eth1,12535920.00,306360.00,12842280.00,30636,1253592,8280.00,4140.00,12420.00,414,828,0.00,0.00,0,0
1478464152,s2-eth2,0.00,0.00,0.00,0,0,0.00,0.00,0.00,0,0,0.00,0.00,0,0
1478464152,eth1,0.00,7680.00,7680.00,768,0,0.00,120.00,120.00,12,0,0.00,0.00,0,0
1478464152,s2,0.00,0.00,0.00,0,0,0.00,0.00,0.00,0,0,0.00,0.00,0,0
1478464152,eth0,0.00,0.00,0.00,0,0,0.00,0.00,0.00,0,0,0.00,0.00,0,0
1478464152,total,12842280.00,12849960.00,25692240.00,1284996,1284228,12420.00,12540.00,24960.00,1254,1242,0.00,0.00,0,0
1478464152,s1-eth2,306360.00,12520780.00,12827140.00,1252078,30636,4140.00,8270.00,12410.00,827,414,0.00,0.00,0,0
1478464152,s2-eth1,1070.00,0.00,1070.00,0,107,10.00,0.00,10.00,0,1,0.00,0.00,0,0
1478464152,lo,0.00,0.00,0.00,0,0,0.00,0.00,0.00,0,0,0.00,0.00,0,0
1478464152,s1,0.00,0.00,0.00,0,0,0.00,0.00,0.00,0,0,0.00,0.00,0,0
1478464152,wlan0,0.00,0.00,0.00,0,0,0.00,0.00,0.00,0,0,0.00,0.00,0,0
1478464152,s1-eth1,12520780.00,306360.00,12827140.00,30636,1252078,8270.00,4140.00,12410.00,414,827,0.00,0.00,0,0
1478464152,s2-eth2,0.00,0.00,0.00,0,0,0.00,0.00,0.00,0,0,0.00,0.00,0,0
1478464152,eth1,0.00,5760.00,5760.00,576,0,0.00,90.00,90.00,9,0,0.00,0.00,0,0
1478464152,s2,0.00,0.00,0.00,0,0,0.00,0.00,0.00,0,0,0.00,0.00,0,0
1478464152,eth0,0.00,0.00,0.00,0,0,0.00,0.00,0.00,0,0,0.00,0.00,0,0
1478464152,total,12828210.00,12832900.00,25661110.00,1283290,1282821,12420.00,12500.00,24920.00,1250,1242,0.00,0.00,0,0
1478464152,s1-eth2,306360.00,12535920.00,12842280.00,1253592,30636,4140.00,8280.00,12420.00,828,414,0.00,0.00,0,0
1478464152,s2-eth1,0.00,0.00,0.00,0,0,0.00,0.00,0.00,0,0,0.00,0.00,0,0
1478464152,lo,0.00,0.00,0.00,0,0,0.00,0.00,0.00,0,0,0.00,0.00,0,0
1478464152,s1,0.00,0.00,0.00,0,0,0.00,0.00,0.00,0,0,0.00,0.00,0,0
1478464152,wlan0,0.00,0.00,0.00,0,0,0.00,0.00,0.00,0,0,0.00,0.00,0,0
1478464152,s1-eth1,12535920.00,306360.00,12842280.00,30636,1253592,8280.00,4140.00,12420.00,414,828,0.00,0.00,0,0
1478464152,s2-eth2,0.00,0.00,0.00,0,0,0.00,0.00,0.00,0,0,0.00,0.00,0,0
1478464152,eth1,0.00,2560.00,2560.00,256,0,0.00,40.00,40.00,4,0,0.00,0.00,0,0
1478464152,s2,0.00,0.00,0.00,0,0,0.00,0.00,0.00,0,0,0.00,0.00,0,0
1478464152,eth0,0.00,0.00,0.00,0,0,0.00,0.00,0.00,0,0,0.00,0.00,0,0
1478464152,total,12842280.00,12844840.00,25687120.00,1284484,1284228,12420.00,12460.00,24880.00,1246,1242,0.00,0.00,0,0
1478464152,s1-eth2,306360.00,12535920.00,12842280.00,1253592,30636,4140.00,8280.00,12420.00,828,414,0.00,0.00,0,0
1478464152,s2-eth1,0.00,0.00,0.00,0,0,0.00,0.00,0.00,0,0,0.00,0.00,0,0
1478464152,lo,0.00,0.00,0.00,0,0,0.00,0.00,0.00,0,0,0.00,0.00,0,0
1478464152,s1,0.00,0.00,0.00,0,0,0.00,0.00,0.00,0,0,0.00,0.00,0,0
1478464152,wlan0,0.00,0.00,0.00,0,0,0.00,0.00,0.00,0,0,0.00,0.00,0,0
1478464152,s1-eth1,12536990.00,306360.00,12843350.00,30636,1253699,8290.00,4140.00,12430.00,414,829,0.00,0.00,0,0
1478464152,s2-eth2,0.00,0.00,0.00,0,0,0.00,0.00,0.00,0,0,0.00,0.00,0,0
1478464152,eth1,0.00,8320.00,8320.00,832,0,0.00,130.00,130.00,13,0,0.00,0.00,0,0
1478464152,s2,0.00,0.00,0.00,0,0,0.00,0.00,0.00,0,0,0.00,0.00,0,0
1478464152,eth0,0.00,0.00,0.00,0,0,0.00,0.00,0.00,0,0,0.00,0.00,0,0
1478464152,total,12843350.00,12850600.00,25693950.00,1285060,1284335,12430.00,12550.00,24980.00,1255,1243,0.00,0.00,0,0
1478464152,s1-eth2,305620.00,12535920.00,12841540.00,1253592,30562,4130.00,8280.00,12410.00,828,413,0.00,0.00,0,0
1478464152,s2-eth1,0.00,0.00,0.00,0,0,0.00,0.00,0.00,0,0,0.00,0.00,0,0
1478464152,lo,0.00,0.00,0.00,0,0,0.00,0.00,0.00,0,0,0.00,0.00,0,0
1478464152,s1,0.00,0.00,0.00,0,0,0.00,0.00,0.00,0,0,0.00,0.00,0,0
1478464152,wlan0,0.00,0.00,0.00,0,0,0.00,0.00,0.00,0,0,0.00,0.00,0,0
1478464152,s1-eth1,12535920.00,306360.00,12842280.00,30636,1253592,8280.00,4140.00,12420.00,414,828,0.00,0.00,0,0
1478464152,s2-eth2,0.00,0.00,0.00,0,0,0.00,0.00,0.00,0,0,0.00,0.00,0,0
1478464152,eth1,760.00,7500.00,8260.00,750,76,10.00,110.00,120.00,11,1,0.00,0.00,0,0
1478464152,s2,0.00,0.00,0.00,0,0,0.00,0.00,0.00,0,0,0.00,0.00,0,0
1478464152,eth0,0.00,0.00,0.00,0,0,0.00,0.00,0.00,0,0,0.00,0.00,0,0
1478464152,total,12842300.00,12849780.00,25692080.00,1284978,1284230,12420.00,12530.00,24950.00,1253,1242,0.00,0.00,0,0
1478464152,s1-eth2,307430.00,12520780.00,12828210.00,1252078,30743,4150.00,8270.00,12420.00,827,415,0.00,0.00,0,0
1478464152,s2-eth1,0.00,0.00,0.00,0,0,0.00,0.00,0.00,0,0,0.00,0.00,0,0
1478464152,lo,0.00,0.00,0.00,0,0,0.00,0.00,0.00,0,0,0.00,0.00,0,0
1478464152,s1,0.00,0.00,0.00,0,0,0.00,0.00,0.00,0,0,0.00,0.00,0,0
1478464152,wlan0,2320.00,0.00,2320.00,0,232,10.00,0.00,10.00,0,1,0.00,0.00,0,0
1478464152,s1-eth1,12520780.00,306360.00,12827140.00,30636,1252078,8270.00,4140.00,12410.00,414,827,0.00,0.00,0,0
1478464152,s2-eth2,0.00,0.00,0.00,0,0,0.00,0.00,0.00,0,0,0.00,0.00,0,0
1478464152,eth1,2960.00,780.00,3740.00,78,296,20.00,10.00,30.00,1,2,0.00,0.00,0,0
1478464152,s2,0.00,0.00,0.00,0,0,0.00,0.00,0.00,0,0,0.00,0.00,0,0
1478464152,eth0,0.00,0.00,0.00,0,0,0.00,0.00,0.00,0,0,0.00,0.00,0,0
1478464152,total,12833490.00,12827920.00,25661410.00,1282792,1283349,12450.00,12420.00,24870.00,1242,1245,0.00,0.00,0,0
1478464152,s1-eth2,306360.00,12535920.00,12842280.00,1253592,30636,4140.00,8280.00,12420.00,828,414,0.00,0.00,0,0
1478464152,s2-eth1,2530.00,0.00,2530.00,0,253,10.00,0.00,10.00,0,1,0.00,0.00,0,0
1478464152,lo,0.00,0.00,0.00,0,0,0.00,0.00,0.00,0,0,0.00,0.00,0,0
1478464152,s1,0.00,0.00,0.00,0,0,0.00,0.00,0.00,0,0,0.00,0.00,0,0
1478464152,wlan0,0.00,0.00,0.00,0,0,0.00,0.00,0.00,0,0,0.00,0.00,0,0
1478464152,s1-eth1,12535920.00,306360.00,12842280.00,30636,1253592,8280.00,4140.00,12420.00,414,828,0.00,0.00,0,0
1478464152,s2-eth2,0.00,0.00,0.00,0,0,0.00,0.00,0.00,0,0,0.00,0.00,0,0
1478464152,eth1,0.00,0.00,0.00,0,0,0.00,0.00,0.00,0,0,0.00,0.00,0,0
1478464152,s2,0.00,0.00,0.00,0,0,0.00,0.00,0.00,0,0,0.00,0.00,0,0
1478464152,eth0,0.00,0.00,0.00,0,0,0.00,0.00,0.00,0,0,0.00,0.00,0,0
1478464152,total,12844810.00,12842280.00,25687090.00,1284228,1284481,12430.00,12420.00,24850.00,1242,1243,0.00,0.00,0,0
1478464152,s1-eth2,307060.00,12535920.00,12842980.00,1253592,30706,4150.00,8280.00,12430.00,828,415,0.00,0.00,0,0
1478464152,s2-eth1,0.00,0.00,0.00,0,0,0.00,0.00,0.00,0,0,0.00,0.00,0,0
1478464152,lo,2680.00,2680.00,5360.00,268,268,30.00,30.00,60.00,3,3,0.00,0.00,0,0
1478464152,s1,700.00,0.00,700.00,0,70,10.00,0.00,10.00,0,1,0.00,0.00,0,0
1478464152,wlan0,0.00,0.00,0.00,0,0,0.00,0.00,0.00,0,0,0.00,0.00,0,0
1478464152,s1-eth1,12536620.00,305620.00,12842240.00,30562,1253662,8290.00,4130.00,12420.00,413,829,0.00,0.00,0,0
1478464152,s2-eth2,1070.00,0.00,1070.00,0,107,10.00,0.00,10.00,0,1,0.00,0.00,0,0
1478464152,eth1,0.00,1280.00,1280.00,128,0,0.00,20.00,20.00,2,0,0.00,0.00,0,0
1478464152,s2,0.00,0.00,0.00,0,0,0.00,0.00,0.00,0,0,0.00,0.00,0,0
1478464152,eth0,0.00,0.00,0.00,0,0,0.00,0.00,0.00,0,0,0.00,0.00,0,0
1478464152,total,12848130.00,12845500.00,25693630.00,1284550,1284813,12490.00,12460.00,24950.00,1246,1249,0.00,0.00,0,0
1478464152,s1-eth2,306360.00,12535920.00,12842280.00,1253592,30636,4140.00,8280.00,12420.00,828,414,0.00,0.00,0,0
1478464152,s2-eth1,0.00,0.00,0.00,0,0,0.00,0.00,0.00,0,0,0.00,0.00,0,0
1478464152,lo,0.00,0.00,0.00,0,0,0.00,0.00,0.00,0,0,0.00,0.00,0,0
1478464152,s1,0.00,0.00,0.00,0,0,0.00,0.00,0.00,0,0,0.00,0.00,0,0
1478464152,wlan0,0.00,0.00,0.00,0,0,0.00,0.00,0.00,0,0,0.00,0.00,0,0
1478464152,s1-eth1,12538450.00,306360.00,12844810.00,30636,1253845,8290.00,4140.00,12430.00,414,829,0.00,0.00,0,0
1478464152,s2-eth2,0.00,0.00,0.00,0,0,0.00,0.00,0.00,0,0,0.00,0.00,0,0
1478464152,eth1,17010.00,7950.00,24960.00,795,1701,30.00,120.00,150.00,12,3,0.00,0.00,0,0
1478464152,s2,0.00,0.00,0.00,0,0,0.00,0.00,0.00,0,0,0.00,0.00,0,0
1478464152,eth0,0.00,0.00,0.00,0,0,0.00,0.00,0.00,0,0,0.00,0.00,0,0
1478464152,total,12861820.00,12850230.00,25712050.00,1285023,1286182,12460.00,12540.00,25000.00,1254,1246,0.00,0.00,0,0
1478464153,s1-eth2,305831.69,12411802.00,12717634.00,1253592,30889,4108.91,8198.02,12306.93,828,415,0.00,0.00,0,0
1478464153,s2-eth1,0.00,0.00,0.00,0,0,0.00,0.00,0.00,0,0,0.00,0.00,0,0
1478464153,lo,0.00,0.00,0.00,0,0,0.00,0.00,0.00,0,0,0.00,0.00,0,0
1478464153,s1,0.00,0.00,0.00,0,0,0.00,0.00,0.00,0,0,0.00,0.00,0,0
1478464153,wlan0,4376.24,4534.65,8910.89,458,442,29.70,19.80,49.50,2,3,0.00,0.00,0,0
1478464153,s1-eth1,12411802.00,303326.75,12715129.00,30636,1253592,8198.02,4099.01,12297.03,414,828,0.00,0.00,0,0
1478464153,s2-eth2,0.00,0.00,0.00,0,0,0.00,0.00,0.00,0,0,0.00,0.00,0,0
1478464153,eth1,2841.58,6643.56,9485.15,671,287,9.90,89.11,99.01,9,1,0.00,0.00,0,0
1478464153,s2,0.00,0.00,0.00,0,0,0.00,0.00,0.00,0,0,0.00,0.00,0,0
1478464153,eth0,0.00,0.00,0.00,0,0,0.00,0.00,0.00,0,0,0.00,0.00,0,0
1478464153,total,12724852.00,12726307.00,25451160.00,1285357,1285210,12346.54,12405.94,24752.48,1253,1247,0.00,0.00,0,0
1478464153,s1-eth2,306360.00,12535920.00,12842280.00,1253592,30636,4140.00,8280.00,12420.00,828,414,0.00,0.00,0,0
1478464153,s2-eth1,700.00,700.00,1400.00,70,70,10.00,10.00,20.00,1,1,0.00,0.00,0,0
1478464153,lo,2680.00,2680.00,5360.00,268,268,30.00,30.00,60.00,3,3,0.00,0.00,0,0
1478464153,s1,0.00,0.00,0.00,0,0,0.00,0.00,0.00,0,0,0.00,0.00,0,0
1478464153,wlan0,0.00,0.00,0.00,0,0,0.00,0.00,0.00,0,0,0.00,0.00,0,0
1478464153,s1-eth1,12535920.00,306360.00,12842280.00,30636,1253592,8280.00,4140.00,12420.00,414,828,0.00,0.00,0,0
1478464153,s2-eth2,700.00,0.00,700.00,0,70,10.00,0.00,10.00,0,1,0.00,0.00,0,0
1478464153,eth1,3400.00,14340.00,17740.00,1434,340,20.00,120.00,140.00,12,2,0.00,0.00,0,0
1478464153,s2,0.00,700.00,700.00,70,0,0.00,10.00,10.00,1,0,0.00,0.00,0,0
1478464153,eth0,0.00,0.00,0.00,0,0,0.00,0.00,0.00,0,0,0.00,0.00,0,0
1478464153,total,12849760.00,12860700.00,25710460.00,1286070,1284976,12490.00,12590.00,25080.00,1259,1249,0.00,0.00,0,0
1478464153,s1-eth2,310480.00,12520780.00,12831260.00,1252078,31048,4160.00,8270.00,12430.00,827,416,0.00,0.00,0,0
1478464153,s2-eth1,700.00,0.00,700.00,0,70,10.00,0.00,10.00,0,1,0.00,0.00,0,0
1478464153,lo,5360.00,5360.00,10720.00,536,536,60.00,60.00,120.00,6,6,0.00,0.00,0,0
1478464153,s1,0.00,700.00,700.00,70,0,0.00,10.00,10.00,1,0,0.00,0.00,0,0
1478464153,wlan0,0.00,540.00,540.00,54,0,0.00,10.00,10.00,1,0,0.00,0.00,0,0
1478464153,s1-eth1,12520780.00,307060.00,12827840.00,30706,1252078,8270.00,4150.00,12420.00,415,827,0.00,0.00,0,0
1478464153,s2-eth2,3230.00,0.00,3230.00,0,323,20.00,0.00,20.00,0,2,0.00,0.00,0,0
1478464153,eth1,640.00,4480.00,5120.00,448,64,10.00,70.00,80.00,7,1,0.00,0.00,0,0
1478464153,s2,700.00,0.00,700.00,0,70,10.00,0.00,10.00,0,1,0.00,0.00,0,0
1478464153,eth0,0.00,0.00,0.00,0,0,0.00,0.00,0.00,0,0,0.00,0.00,0,0
1478464153,total,12841890.00,12838920.00,25680810.00,1283892,1284189,12540.00,12570.00,25110.00,1257,1254,0.00,0.00,0,0
1478464153,s1-eth2,306360.00,12535920.00,12842280.00,1253592,30636,4140.00,8280.00,12420.00,828,414,0.00,0.00,0,0
1478464153,s2-eth1,3130.00,0.00,3130.00,0,313,10.00,0.00,10.00,0,1,0.00,0.00,0,0
1478464153,lo,2680.00,2680.00,5360.00,268,268,30.00,30.00,60.00,3,3,0.00,0.00,0,0
1478464153,s1,0.00,0.00,0.00,0,0,0.00,0.00,0.00,0,0,0.00,0.00,0,0
1478464153,wlan0,0.00,0.00,0.00,0,0,0.00,0.00,0.00,0,0,0.00,0.00,0,0
1478464153,s1-eth1,12536620.00,306360.00,12842980.00,30636,1253662,8290.00,4140.00,12430.00,414,829,0.00,0.00,0,0
1478464153,s2-eth2,0.00,700.00,700.00,70,0,0.00,10.00,10.00,1,0,0.00,0.00,0,0
1478464153,eth1,0.00,11900.00,11900.00,1190,0,0.00,180.00,180.00,18,0,0.00,0.00,0,0
1478464153,s2,0.00,700.00,700.00,70,0,0.00,10.00,10.00,1,0,0.00,0.00,0,0
1478464153,eth0,0.00,0.00,0.00,0,0,0.00,0.00,0.00,0,0,0.00,0.00,0,0
1478464153,total,12848790.00,12858260.00,25707050.00,1285826,1284879,12470.00,12650.00,25120.00,1265,1247,0.00,0.00,0,0
1478464153,s1-eth2,306360.00,12535920.00,12842280.00,1253592,30636,4140.00,8280.00,12420.00,828,414,0.00,0.00,0,0
1478464153,s2-eth1,700.00,0.00,700.00,0,70,10.00,0.00,10.00,0,1,0.00,0.00,0,0
1478464153,lo,0.00,0.00,0.00,0,0,0.00,0.00,0.00,0,0,0.00,0.00,0,0
1478464153,s1,0.00,0.00,0.00,0,0,0.00,0.00,0.00,0,0,0.00,0.00,0,0
1478464153,wlan0,0.00,0.00,0.00,0,0,0.00,0.00,0.00,0,0,0.00,0.00,0,0
1478464153,s1-eth1,12535920.00,306360.00,12842280.00,30636,1253592,8280.00,4140.00,12420.00,414,828,0.00,0.00,0,0
1478464153,s2-eth2,0.00,0.00,0.00,0,0,0.00,0.00,0.00,0,0,0.00,0.00,0,0
1478464153,eth1,9180.00,7900.00,17080.00,790,918,10.00,80.00,90.00,8,1,0.00,0.00,0,0
1478464153,s2,0.00,0.00,0.00,0,0,0.00,0.00,0.00,0,0,0.00,0.00,0,0
1478464153,eth0,0.00,0.00,0.00,0,0,0.00,0.00,0.00,0,0,0.00,0.00,0,0
1478464153,total,12852160.00,12850180.00,25702340.00,1285018,1285216,12440.00,12500.00,24940.00,1250,1244,0.00,0.00,0,0
1478464153,s1-eth2,307060.00,12536620.00,12843680.00,1253662,30706,4150.00,8290.00,12440.00,829,415,0.00,0.00,0,0
1478464153,s2-eth1,0.00,0.00,0.00,0,0,0.00,0.00,0.00,0,0,0.00,0.00,0,0
1478464153,lo,2680.00,2680.00,5360.00,268,268,30.00,30.00,60.00,3,3,0.00,0.00,0,0
1478464153,s1,0.00,700.00,700.00,70,0,0.00,10.00,10.00,1,0,0.00,0.00,0,0
1478464153,wlan0,0.00,0.00,0.00,0,0,0.00,0.00,0.00,0,0,0.00,0.00,0,0
1478464153,s1-eth1,12539050.00,306360.00,12845410.00,30636,1253905,8290.00,4140.00,12430.00,414,829,0.00,0.00,0,0
1478464153,s2-eth2,0.00,0.00,0.00,0,0,0.00,0.00,0.00,0,0,0.00,0.00,0,0
1478464153,eth1,0.00,1280.00,1280.00,128,0,0.00,20.00,20.00,2,0,0.00,0.00,0,0
1478464153,s2,0.00,0.00,0.00,0,0,0.00,0.00,0.00,0,0,0.00,0.00,0,0
1478464153,eth0,0.00,0.00,0.00,0,0,0.00,0.00,0.00,0,0,0.00,0.00,0,0
1478464153,total,12848790.00,12847640.00,25696430.00,1284764,1284879,12470.00,12490.00,24960.00,1249,1247,0.00,0.00,0,0
1478464153,s1-eth2,305620.00,12535920.00,12841540.00,1253592,30562,4130.00,8280.00,12410.00,828,413,0.00,0.00,0,0
1478464153,s2-eth1,0.00,0.00,0.00,0,0,0.00,0.00,0.00,0,0,0.00,0.00,0,0
1478464153,lo,0.00,0.00,0.00,0,0,0.00,0.00,0.00,0,0,0.00,0.00,0,0
1478464153,s1,0.00,0.00,0.00,0,0,0.00,0.00,0.00,0,0,0.00,0.00,0,0
1478464153,wlan0,2320.00,0.00,2320.00,0,232,10.00,0.00,10.00,0,1,0.00,0.00,0,0
1478464153,s1-eth1,12536620.00,306360.00,12842980.00,30636,1253662,8290.00,4140.00,12430.00,414,829,0.00,0.00,0,0
1478464153,s2-eth2,0.00,0.00,0.00,0,0,0.00,0.00,0.00,0,0,0.00,0.00,0,0
1478464153,eth1,2880.00,860.00,3740.00,86,288,20.00,10.00,30.00,1,2,0.00,0.00,0,0
1478464153,s2,0.00,0.00,0.00,0,0,0.00,0.00,0.00,0,0,0.00,0.00,0,0
1478464153,eth0,0.00,0.00,0.00,0,0,0.00,0.00,0.00,0,0,0.00,0.00,0,0
1478464153,total,12847440.00,12843140.00,25690580.00,1284314,1284744,12450.00,12430.00,24880.00,1243,1245,0.00,0.00,0,0
1478464153,s1-eth2,309490.00,12535920.00,12845410.00,1253592,30949,4150.00,8280.00,12430.00,828,415,0.00,0.00,0,0
1478464153,s2-eth1,0.00,0.00,0.00,0,0,0.00,0.00,0.00,0,0,0.00,0.00,0,0
1478464153,lo,0.00,0.00,0.00,0,0,0.00,0.00,0.00,0,0,0.00,0.00,0,0
1478464153,s1,0.00,0.00,0.00,0,0,0.00,0.00,0.00,0,0,0.00,0.00,0,0
1478464153,wlan0,0.00,0.00,0.00,0,0,0.00,0.00,0.00,0,0,0.00,0.00,0,0
1478464153,s1-eth1,12520780.00,306360.00,12827140.00,30636,1252078,8270.00,4140.00,12410.00,414,827,0.00,0.00,0,0
1478464153,s2-eth2,700.00,0.00,700.00,0,70,10.00,0.00,10.00,0,1,0.00,0.00,0,0
1478464153,eth1,0.00,0.00,0.00,0,0,0.00,0.00,0.00,0,0,0.00,0.00,0,0
1478464153,s2,0.00,0.00,0.00,0,0,0.00,0.00,0.00,0,0,0.00,0.00,0,0
1478464153,eth0,0.00,0.00,0.00,0,0,0.00,0.00,0.00,0,0,0.00,0.00,0,0
1478464153,total,12830970.00,12842280.00,25673250.00,1284228,1283097,12430.00,12420.00,24850.00,1242,1243,0.00,0.00,0,0
1478464153,s1-eth2,306360.00,12520780.00,12827140.00,1252078,30636,4140.00,8270.00,12410.00,827,414,0.00,0.00,0,0
1478464153,s2-eth1,0.00,0.00,0.00,0,0,0.00,0.00,0.00,0,0,0.00,0.00,0,0
1478464153,lo,0.00,0.00,0.00,0,0,0.00,0.00,0.00,0,0,0.00,0.00,0,0
1478464153,s1,0.00,0.00,0.00,0,0,0.00,0.00,0.00,0,0,0.00,0.00,0,0
1478464153,wlan0,3420.00,0.00,3420.00,0,342,10.00,0.00,10.00,0,1,0.00,0.00,0,0
1478464153,s1-eth1,12535920.00,305620.00,12841540.00,30562,1253592,8280.00,4130.00,12410.00,413,828,0.00,0.00,0,0
1478464153,s2-eth2,0.00,0.00,0.00,0,0,0.00,0.00,0.00,0,0,0.00,0.00,0,0
1478464153,eth1,0.00,7100.00,7100.00,710,0,0.00,70.00,70.00,7,0,0.00,0.00,0,0
1478464153,s2,0.00,0.00,0.00,0,0,0.00,0.00,0.00,0,0,0.00,0.00,0,0
1478464153,eth0,0.00,0.00,0.00,0,0,0.00,0.00,0.00,0,0,0.00,0.00,0,0
1478464153,total,12845700.00,12833500.00,25679200.00,1283350,1284570,12430.00,12470.00,24900.00,1247,1243,0.00,0.00,0,0
1478464153,s1-eth2,306360.00,12535920.00,12842280.00,1253592,30636,4140.00,8280.00,12420.00,828,414,0.00,0.00,0,0
1478464153,s2-eth1,0.00,0.00,0.00,0,0,0.00,0.00,0.00,0,0,0.00,0.00,0,0
1478464153,lo,0.00,0.00,0.00,0,0,0.00,0.00,0.00,0,0,0.00,0.00,0,0
1478464153,s1,0.00,0.00,0.00,0,0,0.00,0.00,0.00,0,0,0.00,0.00,0,0
1478464153,wlan0,0.00,0.00,0.00,0,0,0.00,0.00,0.00,0,0,0.00,0.00,0,0
1478464153,s1-eth1,12535920.00,306360.00,12842280.00,30636,1253592,8280.00,4140.00,12420.00,414,828,0.00,0.00,0,0
1478464153,s2-eth2,3130.00,0.00,3130.00,0,313,10.00,0.00,10.00,0,1,0.00,0.00,0,0
1478464153,eth1,1920.00,7530.00,9450.00,753,192,20.00,80.00,100.00,8,2,0.00,0.00,0,0
1478464153,s2,0.00,0.00,0.00,0,0,0.00,0.00,0.00,0,0,0.00,0.00,0,0
1478464153,eth0,0.00,0.00,0.00,0,0,0.00,0.00,0.00,0,0,0.00,0.00,0,0
1478464153,total,12847330.00,12849810.00,25697140.00,1284981,1284733,12450.00,12500.00,24950.00,1250,1245,0.00,0.00,0,0
1478464154,s1-eth2,303326.75,12411802.00,12715129.00,1253592,30636,4099.01,8198.02,12297.03,828,414,0.00,0.00,0,0
1478464154,s2-eth1,0.00,0.00,0.00,0,0,0.00,0.00,0.00,0,0,0.00,0.00,0,0
1478464154,lo,0.00,0.00,0.00,0,0,0.00,0.00,0.00,0,0,0.00,0.00,0,0
1478464154,s1,0.00,0.00,0.00,0,0,0.00,0.00,0.00,0,0,0.00,0.00,0,0
1478464154,wlan0,4811.88,8742.57,13554.46,883,486,39.60,59.41,99.01,6,4,0.00,0.00,0,0
1478464154,s1-eth1,12411802.00,303326.75,12715129.00,30636,1253592,8198.02,4099.01,12297.03,414,828,0.00,0.00,0,0
1478464154,s2-eth2,0.00,0.00,0.00,0,0,0.00,0.00,0.00,0,0,0.00,0.00,0,0
1478464154,eth1,7396.04,5287.13,12683.17,534,747,39.60,69.31,108.91,7,4,0.00,0.00,0,0
1478464154,s2,0.00,0.00,0.00,0,0,0.00,0.00,0.00,0,0,0.00,0.00,0,0
1478464154,eth0,0.00,0.00,0.00,0,0,0.00,0.00,0.00,0,0,0.00,0.00,0,0
1478464154,total,12727337.00,12729159.00,25456496.00,1285645,1285461,12376.24,12425.74,24801.98,1255,1250,0.00,0.00,0,0
1478464154,s1-eth2,306360.00,12535920.00,12842280.00,1253592,30636,4140.00,8280.00,12420.00,828,414,0.00,0.00,0,0
1478464154,s2-eth1,0.00,0.00,0.00,0,0,0.00,0.00,0.00,0,0,0.00,0.00,0,0
1478464154,lo,2020.00,2020.00,4040.00,202,202,20.00,20.00,40.00,2,2,0.00,0.00,0,0
1478464154,s1,0.00,0.00,0.00,0,0,0.00,0.00,0.00,0,0,0.00,0.00,0,0
1478464154,wlan0,0.00,0.00,0.00,0,0,0.00,0.00,0.00,0,0,0.00,0.00,0,0
1478464154,s1-eth1,12520780.00,306360.00,12827140.00,30636,1252078,8270.00,4140.00,12410.00,414,827,0.00,0.00,0,0
1478464154,s2-eth2,0.00,0.00,0.00,0,0,0.00,0.00,0.00,0,0,0.00,0.00,0,0
1478464154,eth1,2280.00,4780.00,7060.00,478,228,20.00,50.00,70.00,5,2,0.00,0.00,0,0
1478464154,s2,0.00,0.00,0.00,0,0,0.00,0.00,0.00,0,0,0.00,0.00,0,0
1478464154,eth0,0.00,0.00,0.00,0,0,0.00,0.00,0.00,0,0,0.00,0.00,0,0
1478464154,total,12831440.00,12849080.00,25680520.00,1284908,1283144,12450.00,12490.00,24940.00,1249,1245,0.00,0.00,0,0
1478464154,s1-eth2,306360.00,12535920.00,12842280.00,1253592,30636,4140.00,8280.00,12420.00,828,414,0.00,0.00,0,0
1478464154,s2-eth1,0.00,0.00,0.00,0,0,0.00,0.00,0.00,0,0,0.00,0.00,0,0
1478464154,lo,0.00,0.00,0.00,0,0,0.00,0.00,0.00,0,0,0.00,0.00,0,0
1478464154,s1,0.00,0.00,0.00,0,0,0.00,0.00,0.00,0,0,0.00,0.00,0,0
1478464154,wlan0,0.00,0.00,0.00,0,0,0.00,0.00,0.00,0,0,0.00,0.00,0,0
1478464154,s1-eth1,12535920.00,306360.00,12842280.00,30636,1253592,8280.00,4140.00,12420.00,414,828,0.00,0.00,0,0
1478464154,s2-eth2,0.00,0.00,0.00,0,0,0.00,0.00,0.00,0,0,0.00,0.00,0,0
1478464154,eth1,0.00,5120.00,5120.00,512,0,0.00,80.00,80.00,8,0,0.00,0.00,0,0
1478464154,s2,0.00,0.00,0.00,0,0,0.00,0.00,0.00,0,0,0.00,0.00,0,0
1478464154,eth0,0.00,0.00,0.00,0,0,0.00,0.00,0.00,0,0,0.00,0.00,0,0
1478464154,total,12842280.00,12847400.00,25689680.00,1284740,1284228,12420.00,12500.00,24920.00,1250,1242,0.00,0.00,0,0
1478464154,s1-eth2,306360.00,12520780.00,12827140.00,1252078,30636,4140.00,8270.00,12410.00,827,414,0.00,0.00,0,0
1478464154,s2-eth1,0.00,0.00,0.00,0,0,0.00,0.00,0.00,0,0,0.00,0.00,0,0
1478464154,lo,0.00,0.00,0.00,0,0,0.00,0.00,0.00,0,0,0.00,0.00,0,0
1478464154,s1,0.00,0.00,0.00,0,0,0.00,0.00,0.00,0,0,0.00,0.00,0,0
1478464154,wlan0,0.00,0.00,0.00,0,0,0.00,0.00,0.00,0,0,0.00,0.00,0,0
1478464154,s1-eth1,12535920.00,306360.00,12842280.00,30636,1253592,8280.00,4140.00,12420.00,414,828,0.00,0.00,0,0
1478464154,s2-eth2,0.00,0.00,0.00,0,0,0.00,0.00,0.00,0,0,0.00,0.00,0,0
1478464154,eth1,0.00,7560.00,7560.00,756,0,0.00,100.00,100.00,10,0,0.00,0.00,0,0
1478464154,s2,0.00,0.00,0.00,0,0,0.00,0.00,0.00,0,0,0.00,0.00,0,0
1478464154,eth0,0.00,0.00,0.00,0,0,0.00,0.00,0.00,0,0,0.00,0.00,0,0
1478464154,total,12842280.00,12834700.00,25676980.00,1283470,1284228,12420.00,12510.00,24930.00,1251,1242,0.00,0.00,0,0
1478464154,s1-eth2,314550.00,12536790.00,12851340.00,1253679,31455,4150.00,8290.00,12440.00,829,415,0.00,0.00,0,0
1478464154,s2-eth1,0.00,0.00,0.00,0,0,0.00,0.00,0.00,0,0,0.00,0.00,0,0
1478464154,lo,0.00,0.00,0.00,0,0,0.00,0.00,0.00,0,0,0.00,0.00,0,0
1478464154,s1,0.00,0.00,0.00,0,0,0.00,0.00,0.00,0,0,0.00,0.00,0,0
1478464154,wlan0,0.00,0.00,0.00,0,0,0.00,0.00,0.00,0,0,0.00,0.00,0,0
1478464154,s1-eth1,12521650.00,316190.00,12837840.00,31619,1252165,8280.00,4150.00,12430.00,415,828,0.00,0.00,0,0
1478464154,s2-eth2,0.00,0.00,0.00,0,0,0.00,0.00,0.00,0,0,0.00,0.00,0,0
1478464154,eth1,700.00,4480.00,5180.00,448,70,10.00,70.00,80.00,7,1,0.00,0.00,0,0
1478464154,s2,0.00,0.00,0.00,0,0,0.00,0.00,0.00,0,0,0.00,0.00,0,0
1478464154,eth0,0.00,0.00,0.00,0,0,0.00,0.00,0.00,0,0,0.00,0.00,0,0
1478464154,total,12836900.00,12857460.00,25694360.00,1285746,1283690,12440.00,12510.00,24950.00,1251,1244,0.00,0.00,0,0
1478464154,s1-eth2,289380.00,7765020.00,8054400.00,776502,28938,3710.00,10490.00,14200.00,1049,371,0.00,0.00,0,0
1478464154,s2-eth1,0.00,0.00,0.00,0,0,0.00,0.00,0.00,0,0,0.00,0.00,0,0
1478464154,lo,0.00,0.00,0.00,0,0,0.00,0.00,0.00,0,0,0.00,0.00,0,0
1478464154,s1,0.00,0.00,0.00,0,0,0.00,0.00,0.00,0,0,0.00,0.00,0,0
1478464154,wlan0,0.00,0.00,0.00,0,0,0.00,0.00,0.00,0,0,0.00,0.00,0,0
1478464154,s1-eth1,8885600.00,257400.00,9143000.00,25740,888560,8260.00,3300.00,11560.00,330,826,0.00,0.00,0,0
1478464154,s2-eth2,0.00,0.00,0.00,0,0,0.00,0.00,0.00,0,0,0.00,0.00,0,0
1478464154,eth1,0.00,4480.00,4480.00,448,0,0.00,70.00,70.00,7,0,0.00,0.00,0,0
1478464154,s2,0.00,0.00,0.00,0,0,0.00,0.00,0.00,0,0,0.00,0.00,0,0
1478464154,eth0,0.00,0.00,0.00,0,0,0.00,0.00,0.00,0,0,0.00,0.00,0,0
1478464154,total,9174980.00,8026900.00,17201880.00,802690,917498,11970.00,13860.00,25830.00,1386,1197,0.00,0.00,0,0
1478464154,s1-eth2,2380.00,2760.00,5140.00,276,238,30.00,10.00,40.00,1,3,0.00,0.00,0,0
1478464154,s2-eth1,0.00,0.00,0.00,0,0,0.00,0.00,0.00